((("float" .
   [0 0 0 1 1])
  ("cr" .
   [1 0])
  ("yolo" .
   [1 0 1 0])
  ("Lenght" .
   [0 0 1 0 0 0])
  ("st" .
   [3 0])
  ("kaka" .
   [2 0 0 0])
  ("rate" .
   [2 0 0 0])
  ("endl" .
   [3 0 2 7])
  ("Payrate" .
   [1 0 1 1 0 0 0])
  ("delete-pair" .
   [0 0 0 0 0 0 0 0 1 0 0])
  ("en-end" .
   [0 0 0 1 0 0])
  ("cout" .
   [21 0 2 17])
  ("std" .
   [4 0 1])
  ("main" .
   [1 0 0 1])
  ("map" .
   [0 0 1])
  ("include" .
   [0 0 0 0 1 0 3])
  ("dasdasd" .
   [1 0 0 0 0 0 0])
  ("defun" .
   [2 0 0 0 0])
  ("flycheck" .
   [0 0 0 2 0 0 0 0])
  ("fsdf" .
   [0 0 1 0])
  ("enable-paredit-mode" .
   [2 0 0 0 0 0 0 0 0 0 0 0 0 0 0 0 0 0 0])
  ("paredit" .
   [1 0 0 0 0 0 1])
  ("numbers" .
   [1 0 0 0 0 1 0])
  ("iedit-mode" .
   [0 0 1 2 0 0 0 0 0 0])
  ("kbd" .
   [0 0 1])
  ("global-map" .
   [0 0 0 0 0 0 0 0 0 1])
  ("define-key" .
   [0 0 0 0 0 0 0 0 0 1])
  ("while" .
   [0 0 1 0 1])
  ("fsfdf" .
   [1 0 0 0 0])
  ("clojure-mode" .
   [1 0 0 0 2 0 0 0 0 0 0 0])
  ("REPL" .
   [0 0 1 0])
  ("clojure" .
   [0 0 0 0 1 0 0])
  ("enable-theme" .
   [0 0 0 0 0 0 1 0 0 0 0 0])
  ("fsd" .
   [0 0 1])
  ("f" .
   [1])
  ("linum-on" .
   [1 0 0 0 0 0 0 0])
  ("Python" .
   [0 0 0 1 0 1])
  ("elpy-mode" .
   [1 0 0 1 0 0 0 0 0])
  ("flymake-log" .
   [0 0 0 1 0 0 0 0 0 0 0])
  ("print" .
   [2 0 0 1 0])
  ("for" .
   [2 0 2])
  ("plt" .
   [6 0 0])
  ("fsdfsdf" .
   [1 0 0 0 0 0 0])
  ("exa" .
   [2 0 1])
  ("print_a_list" .
   [0 0 2 0 0 0 0 0 0 0 0 0])
  ("item" .
   [1 0 0 0])
  ("sample" .
   [0 0 1 0 0 0])
  ("plot" .
   [1 0 0 0])
  ("import" .
   [7 0 1 2 0 0])
  ("pylab" .
   [0 0 1 0 0])
  ("format" .
   [0 0 0 1 0 0])
  ("raw_input" .
   [0 0 0 1 0 0 0 0 0])
  ("data" .
   [2 0 0 0])
  ("data2" .
   [1 0 0 0 0])
  ("jedi" .
   [1 0 0 0])
  ("cin" .
   [10 0 2])
  ("using" .
   [0 0 0 0 1])
  ("namespace" .
   [0 0 0 1 0 0 0 0 0])
  ("static_cast" .
   [0 0 0 2 3 1 0 2 1 0 1])
  ("double" .
   [0 0 0 2 0 4])
  ("const" .
   [0 0 0 0 1])
  ("inc" .
   [1 0 0])
  ("struct" .
   [0 0 0 0 1 0])
  ("string" .
   [3 0 0 0 3 1])
  ("str" .
   [1 0 0])
  ("strr" .
   [2 0 0 0])
  ("cpp" .
   [1 0 0])
  ("add-hook" .
   [0 0 0 0 0 1 0 0])
  ("c++-mode" .
   [0 0 0 0 0 0 0 1])
  ("c" .
   [1])
  ("ac-headers" .
   [0 0 0 0 0 1 0 0 0 0])
  ("c++-mode-hook" .
   [1 0 0 0 0 0 0 0 0 0 0 0 0])
  ("c-mode-hook" .
   [1 0 0 0 0 0 0 0 0 0 0])
  ("a" .
   [2])
  ("add-to-list" .
   [0 0 0 0 0 1 0 0 0 0 0])))
